Run semi-empirical minimization
 &qmmm
    qm_theory='AM1', grms_tol=0.0002,
  tight_p_conv=1, scfconv=1.d-10,   qmcharge=0,
 /
   8    O3       33.2820       24.0060       23.0650 
   6   C25       33.3440       23.5280       24.1730 
   7    N2       33.1060       24.2790       25.2780 
   6   C29       32.4200       25.5800       25.1320 
   6   C28       33.3800       26.7220       25.3840 
   8    O2       33.5150       27.6680       24.6380 
   7    N3       34.1550       26.5850       26.4730 
   6   C27       34.0300       25.4190       27.3510 
   6   C26       33.9210       24.1400       26.5140 
   7    N1       33.7390       22.2470       24.3610 
   6   C10       33.5360       21.3940       25.4550 
   6    C9       32.3980       21.5180       26.4290 
   6    C3       32.6320       21.2600       27.7830 
   6    C2       31.6560       21.5240       28.7250 
   6    C5       31.1420       22.0350       26.0630 
   8    O1       30.8540       22.2600       24.7410 
   6    C6       29.6030       22.8350       24.3550 
   6    C8       29.7530       23.5630       23.0370 
   6    C7       28.5430       21.7290       24.2740 
   6    C4       30.1640       22.2860       27.0240 
   6    C1       30.4120       22.0190       28.3440 
   8     O       29.4070       22.2220       29.2490 
   6     C       29.6850       21.8470       30.6030 
   6   C18       34.6700       21.5960       23.4590 
   6   C19       33.9620       20.9350       22.2840 
   6   C24       32.6010       20.6340       22.3680 
   6   C23       31.9540       19.9680       21.3440 
   6   C22       32.6770       19.5860       20.2190 
  17   CL1       31.8880       18.6940       18.9720 
   6   C21       34.0280       19.9100       20.0990 
   6   C20       34.6720       20.5870       21.1320 
   6   C11       35.3550       20.5870       24.4280 
   7     N       34.4130       20.4580       25.5830 
   6   C12       35.7470       19.2630       23.7980 
   6   C17       37.0810       19.0470       23.4500 
   6   C16       37.4540       17.8610       22.8290 
   6   C15       36.4890       16.8990       22.5430 
  17    CL       36.9420       15.4710       21.6870 
   6   C14       35.1620       17.0860       22.9270 
   6   C13       34.7930       18.2690       23.5600 
   1  H292       31.9870       25.6940       24.1390 
   1  H293       31.6270       25.6560       25.8820 
   1   HN3       34.8500       27.2850       26.6630 
   1  H272       34.8880       25.3430       28.0210 
   1  H273       33.1170       25.5200       27.9490 
   1  H262       34.9220       23.7930       26.2410 
   1  H263       33.4910       23.4090       27.1770 
   1    H3       33.6090       20.9330       28.1340 
   1    H2       31.8830       21.3210       29.7630 
   1    H6       29.3330       23.5940       25.0850 
   1   H81       30.5210       24.3310       23.1300 
   1   H82       28.8000       24.0410       22.8070 
   1   H83       30.0200       22.8640       22.2470 
   1   H71       28.4580       21.1860       25.2190 
   1   H72       27.5790       22.1830       24.0490 
   1   H73       28.8010       21.0180       23.4880 
   1    H4       29.1740       22.6600       26.7830 
   1    H1       28.8200       22.0200       31.2300 
   1    H5       30.5350       22.4500       30.9420 
   1    H7       29.9640       20.7860       30.6070 
   1   H18       35.3930       22.3340       23.0990 
   1   H24       32.0320       20.9080       23.2430 
   1   H23       30.8930       19.7490       21.4360 
   1   H21       34.5790       19.6330       19.2030 
   1   H20       35.7310       20.8260       21.0450 
   1   H11       36.2610       21.0630       24.8080 
   1   H17       37.8330       19.8030       23.6640 
   1   H16       38.4970       17.6920       22.5660 
   1   H14       34.4150       16.3180       22.7300 
   1   H13       33.7550       18.4310       23.8480 

