Run semi-empirical minimization
 &qmmm
    qm_theory='AM1', grms_tol=0.0002,
  tight_p_conv=1, scfconv=1.d-10,   qmcharge=-1,
 /
  17   Cl2        8.8970      -13.7230       56.5070 
   6    C1        7.4190      -13.4690       56.2100 
   7    N1        3.0980      -11.4210       54.8720 
   8    O1        2.3120      -10.6300       52.9050 
   6    C2        6.5980      -13.2650       57.3210 
   8    O2        2.8120      -14.0540       53.8460 
   6    C3        5.2620      -12.9850       57.1290 
   8    O3        1.2730       -8.8430       55.4600 
   6    C4        6.9520      -13.4120       54.8920 
   8    O4        1.9270      -10.1050       57.1880 
   6    C5        5.6040      -13.1270       54.7220 
   6    C6        4.7540      -12.9110       55.8300 
   6    C7        3.2900      -12.5750       55.7250 
   6    C8        3.3850      -10.0370       55.3250 
   6    C9        2.6320      -11.6020       53.5890 
   6   C10        2.4920      -13.0140       52.9690 
   6   C11        1.0710      -13.1040       52.3110 
   6   C12        0.6140      -14.5070       52.0270 
   6   C13       -0.1700      -15.2150       52.9450 
   6   C14       -0.5790      -16.5280       52.6600 
   6   C15       -0.1900      -17.1180       51.4420 
   6   C16        0.5960      -16.4040       50.5280 
   6   C17        0.9940      -15.1030       50.8200 
   6   C18        2.4410      -13.7720       55.1840 
   6   C19        2.5060      -14.9690       56.0850 
   6   C20        1.8930      -14.9030       57.3460 
   6   C21        1.9870      -15.9830       58.2480 
   6   C22        2.7160      -17.1250       57.8350 
   6   C23        3.3260      -17.2080       56.5860 
   6   C24        3.2150      -16.1250       55.7130 
   6   C25        4.5540       -9.7770       56.3380 
   6   C26        2.0880       -9.5840       55.9560 
   6   C27        5.7390       -8.8670       55.9160 
   6   C28        6.8540       -8.6990       56.9800 
   9    F1       -0.5500      -18.3770       51.1080 
   1   H01        7.1870       -9.6810       57.3170 
   1   H02        7.0090      -13.3260       58.3290 
   1   H03        4.6070      -12.8230       57.9850 
   1   H04        7.6130      -13.5830       54.0420 
   1   H05        5.1930      -13.0690       53.7140 
   1   H06        2.9440      -12.3520       56.7340 
   1   H07        3.7390       -9.4960       54.4470 
   1   H08        3.2420      -13.1550       52.1910 
   1   H09        1.0930      -12.5540       51.3700 
   1   H10       -0.4640      -14.7460       53.8840 
   1   H11       -1.1900      -17.0830       53.3720 
   1   H12        0.8960      -16.8680       49.5880 
   1   H13        1.6030      -14.5470       50.1070 
   1   H14        1.3900      -13.4840       55.1810 
   1   H15        1.3390      -14.0080       57.6310 
   1   H16        1.5150      -15.9400       59.2290 
   1   H17        3.8790      -18.1010       56.2960 
   1   H18        3.6840      -16.1760       54.7300 
   1   H21        6.4650       -8.1360       57.8280 
   1   H22        0.3660      -12.6830       53.0280 
   1   H23        4.0760       -9.2200       57.1440 
   1   H24        6.2070       -9.3570       55.0620 
   1   H25        7.6950       -8.1610       56.5420 
  17   Cl1        2.8370      -18.3090       58.7950 

