Run semi-empirical minimization
 &qmmm
    qm_theory='AM1', grms_tol=0.0002,
  tight_p_conv=1, scfconv=1.d-10,   qmcharge=0,
 /
   6    C1       10.0160      -15.8340       25.9040 
   7    N1       11.3370      -16.6150       24.0060 
   8    O1        6.7510      -15.3200       22.7390 
   6    C2        9.4980      -16.6000       27.0400 
   7    N2       13.0110      -16.4650       22.7090 
   6    C3        9.5530      -16.0100       28.3530 
   7    N3       10.8510      -15.3140       21.9490 
   6    C4       10.1260      -14.7080       28.3830 
   7    N4       12.2740      -17.2910       24.6340 
   6    C5       10.6280      -13.9280       27.3240 
   6    C6       10.5760      -14.5140       26.0360 
   6    C7        7.5570      -15.2740       23.9390 
   6    C8       13.3460      -17.1960       23.8070 
   6    C9        9.0140      -15.5700       23.5600 
   6   C10        9.9510      -16.4060       24.5430 
   6   C11       11.7460      -16.0910       22.8150 
   6   C12        9.4760      -15.1150       22.3550 
   6   C13        9.1340      -13.6140       20.3190 
   6   C14        8.1400      -12.9550       19.4880 
   6   C15        6.7380      -13.1050       19.7220 
   6   C16        6.2480      -13.9250       20.8090 
   6   C17        7.2080      -14.5800       21.6480 
   6   C18        8.6210      -14.4320       21.4110 
   6   C19        6.2730      -14.1710       25.6790 
   6   C20        7.3350      -13.9900       24.7200 
   6   C21        8.0400      -12.7240       24.5300 
   6   C22        7.6610      -11.5880       25.3260 
   6   C23        6.5900      -11.7940       26.2730 
   6   C24        5.8780      -13.0410       26.4820 
  35   BR1       10.3610      -13.8190       30.0390 
  35   BR2        6.0780      -10.4650       27.3190 
   1   H01        5.0770      -13.1200       27.2170 
   1   H02        9.0800      -17.5960       26.8950 
   1   H03        9.1870      -16.5170       29.2460 
   1   H04       11.1900      -14.9230       21.0810 
   1   H05       11.0340      -12.9290       27.4860 
   1   H06       10.9510      -13.9780       25.1640 
   1   H07        7.2500      -16.0490       24.6410 
   1   H08       14.3250      -17.6370       23.9940 
   1   H09        9.9050      -15.6140       24.1860 
   1   H10        9.4710      -17.3820       24.6100 
   1   H11        9.0800      -15.1650       23.3690 
   1   H12       10.2030      -13.5030       20.1360 
   1   H13        8.4740      -12.3280       18.6620 
   1   H14        6.0270      -12.5940       19.0720 
   1   H15        5.1790      -14.0410       20.9850 
   1   H16        5.7820      -15.1370       25.7940 
   1   H17        8.8410      -12.6420       23.7960 
   1   H18        8.1560      -10.6230       25.2200 

