Run semi-empirical minimization
 &qmmm
    qm_theory='AM1', grms_tol=0.0002,
  tight_p_conv=1, scfconv=1.d-10,   qmcharge=0,
 /
  17   Cl4      -10.4300      -15.7610       -0.4980 
  17   Cl5      -14.9460      -12.2010       -3.3550 
   7    N1      -13.7500       -9.5080        2.6330 
   6    C2      -13.4820      -10.2540        3.7620 
   7    N3      -12.3850      -10.9090        3.7230 
   6    C4      -11.7030      -10.6570        2.4540 
   6    C5      -12.6710       -9.7260        1.6670 
   6   C21      -14.4600      -10.2400        4.9030 
   6   C41      -11.3800      -11.9480        1.7480 
   6   C42      -10.1830      -12.0660        1.0400 
   6   C43       -9.8730      -13.2490        0.3820 
   6   C44      -10.7720      -14.3140        0.4220 
   6   C45      -11.9520      -14.2220        1.1630 
   6   C46      -12.2560      -13.0350        1.8230 
   6   C51      -13.2230      -10.3460        0.4060 
   6   C52      -12.5080      -10.2730       -0.7950 
   6   C53      -13.0440      -10.8190       -1.9610 
   6   C54      -14.2910      -11.4520       -1.9160 
   6   C55      -15.0140      -11.5130       -0.7240 
   6   C56      -14.4750      -10.9650        0.4350 
   1   H01      -15.0320      -11.0190        1.3700 
   1   H02      -13.8000       -8.5290        2.8750 
   1   H05      -10.7310      -10.1770        2.5720 
   1   H06      -12.1670       -8.8240        1.3210 
   1   H07      -14.6180       -9.2140        5.2340 
   1   H08       -9.4890      -11.2260        1.0030 
   1   H09       -8.9330      -13.3440       -0.1620 
   1   H10      -12.6300      -15.0730        1.2240 
   1   H11      -13.1780      -12.9530        2.3990 
   1   H12      -11.5320       -9.7890       -0.8190 
   1   H13      -12.4950      -10.7530       -2.9010 
   1   H14      -15.9950      -11.9870       -0.7010 
   1   H15      -14.0650      -10.8320        5.7290 
   1   H16      -15.4080      -10.6650        4.5730 

