Run semi-empirical minimization
 &qmmm
    qm_theory='AM1', grms_tol=0.0002,
  tight_p_conv=1, scfconv=1.d-10,   qmcharge=0,
 /
  17   Cl1       10.4740       15.3250       33.3190 
  17   Cl6       14.8350       12.0590       30.2780 
   7    N1       11.7850        9.4000       33.4340 
   6    C2       11.7150        9.2850       34.8110 
   8    O2       10.8480        8.6190       35.3930 
   6    C3       12.8530       10.0930       35.4400 
   6    C4       14.7540       11.2410       34.1360 
   6    C5       15.1970       11.6650       32.8860 
   6    C6       14.4080       11.3690       31.7200 
   6    C7       13.2550       10.5380       31.8010 
   6    C8       13.5740       10.5250       34.2060 
   6    C9       12.9010       10.1710       33.0750 
   6   C10       12.3350       11.3450       36.2040 
   6   C11       11.2080       12.0430       35.4630 
   6   C12       11.4200       13.2570       34.7980 
   6   C13       10.3080       13.8660       34.1220 
   6   C14        9.0410       13.2460       34.1240 
   6   C15        8.8720       12.0570       34.7940 
   6   C16        9.9380       11.4520       35.4620 
   6   C31       13.7480        9.2100       36.3320 
   6   C32       12.9170        8.2860       37.2260 
   6   C33       13.8650        6.1530       37.9650 
   7   N33       13.8110        7.4840       38.0820 
   8   O33       14.7410        5.5120       38.5590 
   6   C34       14.8060        8.2080       38.8910 
   6   C35       15.6240        9.1570       38.0020 
   6   C36       14.6950       10.0620       37.1830 
   6   C37       12.8200        5.5170       37.0910 
   1   H01       12.5100        4.5670       37.5270 
   1   H02       11.1300        8.9900       32.7840 
   1   H03       15.3240       11.4680       35.0370 
   1   H04       16.1330       12.2160       32.7920 
   1   H05       12.6970       10.2180       30.9210 
   1   H06       13.1600       12.0460       36.3310 
   1   H07       12.4030       13.7280       34.7930 
   1   H08        8.2030       13.7050       33.5990 
   1   H09        7.8920       11.5800       34.8040 
   1   H10        9.7810       10.5100       35.9880 
   1   H11       14.3470        8.5870       35.6670 
   1   H12       12.3180        7.6210       36.6030 
   1   H13       15.4760        7.4910       39.3650 
   1   H14       16.2430        8.5700       37.3240 
   1   H15       14.1110       10.6860       37.8590 
   1   H16       13.2330        5.3440       36.0970 
   1   H17       11.9470       11.0130       37.1670 
   1   H18       12.2610        8.8880       37.8550 
   1   H19       14.2880        8.7920       39.6520 
   1   H20       16.2520        9.7810       38.6380 
   1   H21       15.2970       10.6910       36.5270 
   1   H22       11.9580        6.1800       37.0150 

