Run semi-empirical minimization
 &qmmm
    qm_theory='AM1', grms_tol=0.0002,
  tight_p_conv=1, scfconv=1.d-10,   qmcharge=0,
 /
  17   Cl1      -14.1980       13.0930       -4.3660 
  17   Cl2       -9.3710       16.9260       -1.1060 
   7    N1      -11.0550       16.1890       -7.0660 
   6    C2      -10.8610       17.5860       -7.1290 
   8    O2       -9.9720       18.1210       -7.7990 
   6    C3      -11.9150       18.2710       -6.2580 
   6    C4      -13.6240       17.0680       -4.7240 
   6    C5      -14.1370       15.8140       -4.3250 
   6    C6      -13.5920       14.6220       -4.8820 
   6    C7      -12.5700       14.6740       -5.8260 
   6    C8      -12.6070       17.0740       -5.6520 
   6    C9      -12.1140       15.9180       -6.1530 
   6   C11      -12.8130       19.1320       -7.1200 
   7   N12      -12.0070       20.3630       -7.3510 
   6   C13      -11.0980       20.5270       -6.1510 
   6   C14      -11.3300       19.2880       -5.2770 
   6   C21      -13.1900       18.4480       -8.4430 
   6   C22      -14.5360       18.9810       -8.9790 
   6   C23      -14.7640       18.4580      -10.4020 
   6   C24      -15.6690       18.4900       -8.0730 
   6   C25      -14.5260       20.5120       -8.9950 
   6   C31      -10.0830       18.8260       -4.5560 
   6   C32      -10.1990       18.1890       -3.3500 
   6   C33       -9.1220       17.7630       -2.6160 
   6   C34       -7.8370       17.9980       -3.0890 
   6   C35       -7.6740       18.6450       -4.3290 
   6   C36       -8.8040       19.0600       -5.0700 
   6   C41      -11.4600       21.7870       -5.4380 
   8   O41      -10.9930       22.1210       -4.3480 
   7   N42      -12.4050       22.5830       -6.1210 
   6   C43      -12.8330       23.9080       -5.7570 
   6   C44      -13.6690       24.5610       -6.6520 
   6   C45      -14.0610       25.8580       -6.3930 
   6   C46      -13.6210       26.5060       -5.2370 
   6   C47      -12.8070       25.8130       -4.3130 
   6   C48      -12.4110       24.5030       -4.5760 
   6   C51      -13.9990       27.9010       -4.9970 
   7   N51      -14.7180       28.5500       -5.9840 
   8   O51      -13.7080       28.5230       -3.9640 
   9    F1      -11.4330       17.9810       -2.8510 
   1   H01      -14.9650       28.0620       -6.8330 
   1   H02      -10.5300       15.4970       -7.5820 
   1   H03      -14.0190       17.9970       -4.3120 
   1   H04      -14.9450       15.7590       -3.5950 
   1   H05      -12.1570       13.7720       -6.2780 
   1   H06      -13.7700       19.3340       -6.6390 
   1   H07      -12.6150       21.1650       -7.4390 
   1   H08      -10.0450       20.6030       -6.4210 
   1   H09      -12.0050       19.4730       -4.4410 
   1   H10      -13.2720       17.3740       -8.2790 
   1   H11      -15.1220       17.4290      -10.3590 
   1   H12      -15.8790       19.2430       -7.3130 
   1   H13      -14.6100       20.8870       -7.9750 
   1   H14       -6.9680       17.6860       -2.5090 
   1   H15       -6.6720       18.8270       -4.7190 
   1   H16       -8.6800       19.5570       -6.0320 
   1   H17      -12.8230       22.1820       -6.9490 
   1   H18      -14.0130       24.0530       -7.5530 
   1   H19      -14.7160       26.3780       -7.0920 
   1   H20      -12.4880       26.3040       -3.3930 
   1   H21      -11.7840       23.9580       -3.8700 
   1   H22      -14.9970       29.5120       -5.8560 
   1   H23      -12.4150       18.6640       -9.1780 
   1   H24      -13.8270       18.4940      -10.9570 
   1   H25      -15.3720       17.5590       -7.5900 
   1   H26      -15.3660       20.8750       -9.5870 
   1   H27      -13.5930       20.8640       -9.4350 
   1   H28      -15.5060       19.0800      -10.9020 
   1   H29      -16.5640       18.3190       -8.6720 

