Run semi-empirical minimization
 &qmmm
    qm_theory='AM1', grms_tol=0.0002,
  tight_p_conv=1, scfconv=1.d-10,   qmcharge=0,
 /
  17   Cl4       -3.3300       -2.9320       -0.8420 
  17   Cl5       -8.8080        0.8030       -0.3710 
   7    N1       -3.6590        5.0320       -0.0450 
   6    C2       -2.9390        4.6290        1.0710 
   7    N3       -2.3950        3.4760        0.9400 
   6    C4       -2.4760        3.0490       -0.4440 
   6    C5       -3.6580        3.9110       -0.9980 
   6   C21       -2.8130        5.4880        2.2450 
   6   C22       -1.6540        5.4150        3.0170 
   6   C23       -1.4880        6.2330        4.1250 
   6   C24       -2.4820        7.1360        4.4860 
   6   C25       -3.6660        7.2240        3.7220 
   6   C26       -3.8120        6.3860        2.6090 
   8   O27       -4.9660        6.4250        1.8320 
   6   C28       -5.9840        7.2990        2.2980 
   6   C29       -7.1880        7.2400        1.3440 
   6   C30       -2.2720        7.9980        5.7110 
   6   C31       -3.4670        8.9340        5.9050 
   6   C32       -2.1300        7.0920        6.9410 
   6   C33       -0.9920        8.8310        5.5510 
   6   C41       -2.6900        1.5520       -0.5410 
   6   C42       -2.0930        0.8250       -1.5810 
   6   C43       -2.2740       -0.5550       -1.6660 
   6   C44       -3.0610       -1.2050       -0.7160 
   6   C45       -3.6470       -0.4900        0.3280 
   6   C46       -3.4610        0.8860        0.4140 
   6   C47       -1.1680        3.4380       -1.1490 
   6   C51       -4.9880        3.1850       -0.8960 
   6   C52       -5.3940        2.2870       -1.8890 
   6   C53       -6.5820        1.5720       -1.7410 
   6   C54       -7.3620        1.7580       -0.5970 
   6   C55       -6.9910        2.6890        0.3690 
   6   C56       -5.8050        3.4010        0.2150 
   6   C57       -3.3860        4.3980       -2.4300 
   1   H01       -3.5910        5.4670       -2.4960 
   1   H02       -3.2240        5.8420       -0.4630 
   1   H05       -0.8700        4.7080        2.7470 
   1   H06       -0.5740        6.1680        4.7150 
   1   H07       -4.4510        7.9300        3.9930 
   1   H08       -5.5990        8.3180        2.3360 
   1   H09       -7.5380        6.2110        1.2630 
   1   H10       -3.7370        9.3830        4.9490 
   1   H11       -1.6970        6.1380        6.6420 
   1   H12       -0.7010        9.2410        6.5180 
   1   H13       -1.4860        1.3400       -2.3250 
   1   H14       -1.8040       -1.1220       -2.4690 
   1   H15       -4.2490       -1.0080        1.0750 
   1   H16       -3.9190        1.4460        1.2290 
   1   H17       -0.9130        4.4680       -0.9010 
   1   H18       -4.7810        2.1460       -2.7790 
   1   H19       -6.9000        0.8720       -2.5130 
   1   H20       -7.6250        2.8590        1.2400 
   1   H21       -5.5120        4.1330        0.9680 
   1   H22       -4.0300        3.8600       -3.1260 
   1   H23       -6.2970        6.9920        3.2960 
   1   H24       -6.8910        7.6020        0.3600 
   1   H25       -3.2030        9.7190        6.6140 
   1   H26       -3.1120        6.9230        7.3840 
   1   H27       -1.1730        9.6460        4.8500 
   1   H28       -1.2940        3.3440       -2.2280 
   1   H29       -2.3420        4.2120       -2.6840 
   1   H30       -7.9910        7.8660        1.7340 
   1   H31       -4.3140        8.3660        6.2910 
   1   H32       -1.4800        7.5720        7.6720 
   1   H33       -0.1910        8.1970        5.1710 
   1   H34       -0.3670        2.7760       -0.8190 

